2658846305 8078034687
5658181894 6975467234
5818758762 8752232623
6158783032 9086344046
3838695823 1202202916
1804930930 3775247321
7102222341 7225043446 4620294231
8001692095 5183274579
5061603719 3714223787
2721516714 3323431821 1627524357
3905828289 7664129587
8298261405 4833857884
6650221022 8203406082
8642829090 6854931316
6247423413 2073457771 9178916504
2073457271 6247423413 2073455571
3858280328 7465567984
3729508803 5737757517
3325672233 7124274347 0768169784
5984346674 7522373837
2696328368 3620428311
6890350891 9597815464
2778279029 6247423413
1388505127 7510542476
6848537859 3727126536
4137467411 1322144730 9178916504
0741747123 1775232771 9455283263
9481869847 6592194266
5052533377 2479333514 1906863376
4987020083 3893022862
2479333514 5052533377 1804930930
7734534621 3943474262 6287522093

- i've seen it, The Earth is Round